 YEAR     JAN     FEB     MAR     APR     MAY     JUN     JUL     AUG     SEP     OCT     NOV     DEC     MAM     JJA     SON     DJF     ANN
 1901   105.2   129.8   168.8    57.6     6.7     5.3     8.3    35.9    66.2   106.7    86.4   107.8   233.2    49.5   259.3   314.7   884.8
 1902   113.9    93.0   168.6    57.7    15.2    38.1    14.5    21.9    71.7    72.1    34.8   102.7   241.4    74.5   178.6   289.9   804.1
 1903    63.8   123.5    38.2   102.3    54.2     6.6     2.9     7.2     2.6    52.5    79.7    73.9   194.7    16.7   134.8   377.3   607.3
 1904   174.3   129.1    65.1    37.9    29.2    28.5     2.6     4.3    24.0    35.3    65.0    66.6   132.3    35.5   124.3   373.8   662.0
 1905   145.7   161.5   137.5    39.1    35.2    11.3     1.3    13.3    63.7    11.9    76.1   131.0   211.8    25.9   151.7   389.8   827.7
 1906   153.0   105.8   112.1    24.3    25.2     9.2     0.1     5.2    81.1    94.3   132.2   131.8   161.6    14.5   307.7   454.1   874.3
 1907   173.9   148.5   146.0   108.8    68.7     4.4     9.5     0.5    64.5    87.8   131.1   150.3   323.4    14.3   283.4   352.3  1093.8
 1908   108.0    94.0   123.0    36.9     5.4    30.9    13.3    43.2    81.0   118.3   101.4    94.8   165.3    87.4   300.7   623.0   850.1
 1909   265.6   262.7    96.0    57.5    89.2     0.0     4.0    10.4    79.0    29.2    89.2   187.9   242.6    14.4   197.4   529.3  1170.6
 1910   195.9   145.5    99.5    21.1    32.8    10.6     3.9     4.6    79.9   169.3    48.5    95.3   153.4    19.0   297.6   284.4   906.7
 1911   109.4    79.7   171.8    75.7    52.3     7.6    25.5    22.6    38.1    87.7   140.7    62.5   299.8    55.7   266.5   331.0   873.6
 1912    87.7   180.8    71.0    82.6    42.4    21.8    10.8     1.7     1.5    40.5    45.7   142.7   196.1    34.3    87.7   350.9   729.3
 1913    84.0   124.2   154.4    36.4    10.8     7.1    12.1    25.5    46.3    88.4    55.8    19.3   201.5    44.7   190.5   202.5   664.2
 1914    76.6   106.6    71.1    69.3    32.7     7.2     1.4    38.2    16.0    87.0   112.6   167.0   173.2    46.8   215.6   477.6   785.8
 1915   181.9   128.6    53.1    20.0    35.0    11.3    26.0     6.8    44.3    96.9   156.9   104.4   108.0    44.1   298.0   304.7   865.1
 1916   117.2    83.0    90.1    67.5    20.4     2.8     7.2     0.8    22.4    65.6    52.8   143.8   178.0    10.9   140.9   436.5   673.8
 1917   150.6   142.0   100.4    50.0    18.9    30.6    32.1    54.1    42.1    53.4   160.6   135.0   169.3   116.7   256.1   398.4   969.7
 1918   118.4   145.0   154.2     6.7    19.9     4.4    28.5    64.5    76.1    53.5    66.4   111.5   180.8    97.5   196.0   267.6   849.1
 1919   106.9    49.2    83.7    77.9     5.9     6.9    14.1     9.4    56.2    24.5   122.6    35.5   167.5    30.4   203.3   326.2   592.9
 1920   151.5   139.2   176.0    26.3    16.1     3.0     4.3    10.7    58.5    96.3    51.9    68.9   218.4    18.0   206.7   310.6   802.7
 1921    88.6   153.1   151.8    49.3    30.1     2.1     0.9     4.4    54.4    35.9   139.9   159.1   231.2     7.4   230.2   386.1   869.6
 1922   155.2    71.8    54.2    12.1    30.0    34.7     6.8    35.7    11.0    93.1   148.2   102.1    96.3    77.1   252.2   369.4   754.7
 1923   144.0   123.4    59.1    57.8    41.9    48.9    30.6    21.5     4.5    38.9    75.2    70.3   158.7   100.9   118.6   275.5   715.9
 1924   110.8    94.4   184.4    21.7    13.8     3.3     4.3     7.9   100.5    96.5   159.2   160.5   219.9    15.5   356.2   383.0   957.4
 1925    90.9   131.6   232.8   107.5    47.2     7.8     3.7     4.2    57.1    70.7    93.2    60.8   387.4    15.7   221.0   269.4   907.4
 1926   117.9    90.7   136.5    12.0    22.7    23.2     1.5     1.1    77.2    94.7   121.4   121.0   171.2    25.8   293.4   337.0   819.9
 1927   106.1   109.9   148.5    21.0     9.4     2.2    34.8    21.8     5.1   115.3    40.5   167.4   178.8    58.7   160.9   419.6   781.9
 1928   147.2   105.0    91.8    34.3     9.0     6.4     0.4    10.3    35.9    95.5    83.6   137.7   135.1    17.0   215.0   344.6   757.1
 1929   136.3    70.6   143.0    23.6    32.7    57.1    37.5    14.0   130.5    53.0   107.4   164.0   199.3   108.6   290.9   382.7   969.8
 1930   135.5    83.1   143.3    72.6    15.6     7.9     6.5    22.3    22.1    66.8    55.7    92.5   231.4    36.7   144.5   349.7   723.7
 1931   162.0    95.2    95.3   125.6     1.9     1.6    47.3     0.6     0.3    66.3   106.6    72.8   222.8    49.4   173.2   310.8   775.4
 1932    85.5   152.5   100.3    10.3    25.4     5.9     2.7     0.4    33.5    33.0    92.2   103.4   136.0     9.0   158.7   238.7   645.1
 1933    49.3    86.0    92.3    39.6    13.1     9.8    15.6     1.5     7.9    22.9   195.8   198.4   145.0    26.9   226.6   563.3   732.2
 1934   253.0   111.9   122.4    70.5    68.6     5.4    43.4    37.1    11.2    98.0   192.2   158.4   261.6    85.9   301.3   331.4  1172.1
 1935    77.6    95.4   125.4    58.9    45.3    10.9     2.5    25.4    16.0    58.3    65.4   107.8   229.7    38.9   139.7   312.9   689.1
 1936    96.7   108.4   103.4    24.4    71.2     3.4     4.6     0.3     8.7    96.6   210.9   119.2   199.0     8.2   316.2   467.8   847.8
 1937   183.6   165.0    96.0    22.7    12.8     1.9     8.3     0.9    16.7    48.9    58.2   100.4   131.5    11.1   123.8   391.7   715.4
 1938   146.5   144.8    36.1    97.7    19.4    41.9    22.2    46.4    25.5   100.8    63.8   143.0   153.2   110.5   190.1   488.8   888.1
 1939   158.8   187.0    58.4    21.1    52.2     3.4    33.0    40.4    39.6   111.6   143.7    94.1   131.8    76.8   295.0   278.9   943.4
 1940    84.0   100.8    97.6    82.8    58.3    14.0     8.4     1.9    98.8    29.8   106.1   145.7   238.7    24.3   234.7   430.6   828.1
 1941   140.6   144.3    65.0    75.9     7.1     2.2    22.1     4.5    41.6   110.3    15.1    50.4   148.0    28.8   167.0   354.6   679.2
 1942   170.6   133.6   134.9    63.0    24.0     7.5     0.4    50.8    32.2   103.1   138.5   179.3   221.9    58.7   273.9   370.6  1038.0
 1943   132.8    58.5   107.7   117.9    82.0     3.1    21.3    59.1    19.9   162.4   190.5   192.3   307.5    83.5   372.7   442.2  1147.3
 1944   110.0   139.8    85.2    12.4    37.7    52.8     0.8     0.8    89.2    87.3    85.0    31.6   135.3    54.4   261.5   231.2   732.6
 1945    86.2   113.4   174.8    33.0    36.7     2.6     2.0     2.8     3.0    33.4    45.2    69.1   244.5     7.4    81.6   292.7   602.1
 1946   135.1    88.6   116.2    41.7    54.5     6.0     6.0     0.3    15.3   135.6    96.0    85.9   212.3    12.3   246.9   294.0   781.0
 1947    75.0   133.1   104.8    69.0    15.1    21.1     9.2     2.7    71.8   101.2   105.5   142.8   188.8    33.0   278.6   360.0   851.3
 1948   127.8    89.4   203.3    70.1    32.1     0.8     3.5     2.0     8.5    69.1    36.8    47.5   305.5     6.3   114.5   268.0   690.9
 1949   130.5    90.0   100.7    51.0    23.7     6.9     7.8     4.5    30.2    69.8   108.5   133.0   175.5    19.2   208.5   364.2   756.6
 1950   106.3   124.9   172.2    94.2    61.4     8.7    33.1    74.9    19.7    49.2    57.6   157.9   327.7   116.7   126.5   385.0   960.0
 1951   124.7   102.4    77.9    65.9    28.3    12.0     4.9    20.8    35.1   134.7    31.8    71.4   172.1    37.7   201.5   359.1   709.8
 1952   146.9   140.8    80.4    36.1     9.8     9.3    47.3    20.8    36.1    49.1    89.8   115.8   126.4    77.5   175.1   362.5   782.5
 1953    74.8   171.8    75.0    77.1    21.9     5.6     2.1    20.1    25.4   100.8    91.1   118.7   174.1    27.7   217.4   334.8   784.5
 1954   105.4   110.7   118.3    33.0    45.9    13.8     3.3     0.6    25.6    39.2    86.5    98.4   197.2    17.7   151.3   499.7   680.6
 1955   216.1   185.2    72.9    65.2    34.0    13.0     8.0     2.8     7.8    69.8   117.0   157.9   172.2    23.7   194.6   417.9   949.8
 1956    74.8   185.2   146.2    38.6    52.7     3.7     4.6     1.3    27.3    97.7   119.7   242.5   237.5     9.6   244.6   483.3   994.2
 1957   144.2    96.7   119.0    58.1    13.2    22.1    30.9    49.9   161.2   185.4   100.9   116.3   190.2   102.8   447.6   372.2  1097.8
 1958   177.2    78.7    86.0    86.9    54.1     2.9     2.1     0.1    50.7    53.5   129.7   142.7   227.0     5.1   234.0   320.1   864.7
 1959    87.7    89.7    65.1   103.6    82.8     5.8    53.4     3.8     7.6   101.5   101.2   174.3   251.5    63.0   210.4   410.0   876.5
 1960   100.4   135.3   124.5    71.5    23.7     8.9    13.9    36.9    42.2    94.5   114.8   134.4   219.7    59.6   251.5   313.5   900.8
 1961   122.8    56.2   121.1    93.1    59.1    39.7    13.3    13.5    27.4     9.3   156.6   120.7   273.3    66.4   193.3   396.8   832.8
 1962    93.2   182.9    87.7    66.6    10.9     2.5     1.0     9.5    19.3    43.8   129.3    69.2   165.2    13.0   192.3   357.3   715.8
 1963   201.8    86.3   134.1    90.0    25.8    24.0    32.5     5.0     8.5    76.1   142.4   105.8   250.0    61.5   227.0   311.4   932.5
 1964   131.5    74.1   163.5    53.2    12.5    40.2     1.9    16.5    36.0   173.8    55.4   120.3   229.2    58.6   265.2   279.2   879.0
 1965   111.3    47.5    40.2    80.4     6.5    35.0    23.9    29.6    22.7    44.0    92.8    47.7   127.2    88.5   159.4   352.4   581.6
 1966   212.6    92.1    41.0    26.8    19.8    12.6     1.0    14.1    13.2    51.6    74.1   123.6    87.6    27.8   138.9   491.3   682.6
 1967   243.5   124.3   115.8    88.3    50.3     9.5     6.5    10.9    10.1    73.8    79.9    90.5   254.4    26.9   163.8   191.6   903.3
 1968    52.1    48.9   111.6    61.9    58.3     4.0    15.3    18.2    19.6    45.9    56.9   109.9   231.8    37.5   122.5   260.4   602.6
 1969    60.0    90.5   143.8    63.0    62.9     5.4     4.5    14.6    16.5   117.7    46.5   116.3   269.7    24.6   180.7   279.1   741.9
 1970    97.0    65.8    33.8    17.6    12.4    21.7    17.6    43.9    78.5    79.2    60.6   144.4    63.9    83.2   218.3   393.3   672.6
 1971   143.7   105.2    90.3    57.8    58.4     1.5    20.2     9.7     6.3    59.8    68.3    97.6   206.6    31.4   134.4   409.6   718.9
 1972   152.8   159.2   142.3    39.7    25.7    11.2     1.9     8.8    19.4    70.6   101.5    25.5   207.7    22.0   191.4   255.0   758.6
 1973    72.3   157.2    63.2    51.1     7.8     0.8     9.7    69.7    42.9    28.7    92.0   119.8   122.0    80.2   163.6   456.0   715.2
 1974   188.4   147.8   115.5    46.6    18.5    15.3     3.7    28.1    14.6    39.6   192.2   113.1   180.6    47.1   246.5   412.8   923.4
 1975   148.4   151.3   104.6    38.4    12.6     8.4    18.7     8.2   106.1    58.0   165.8   162.5   155.6    35.3   329.9   512.8   983.1
 1976   187.2   163.0   205.2    59.8    46.6    15.1     0.5     3.5    81.1   154.2    97.3   104.2   311.7    19.1   332.7   368.4  1117.9
 1977   171.1    93.2   129.9    47.5    13.5     4.6     0.1     5.2    82.0   123.7    61.1   108.1   190.9     9.8   266.7   365.8   839.8
 1978   180.3    77.4   136.2    95.6     2.4     6.4     2.8    22.7    64.0    66.2    44.9   181.2   234.2    31.9   175.1   382.1   880.1
 1979    72.9   128.0    58.5    29.7    32.3     4.2    56.4    79.7    34.1    82.1    94.1   101.8   120.5   140.2   210.3   297.6   773.7
 1980    96.4    99.4    58.2    20.1     9.1     2.1     0.5     4.6   100.7    18.8   111.0    87.8    87.3     7.2   230.5   454.6   608.6
 1981   208.2   158.6    82.6    48.2    20.2    20.9     0.7    65.7    15.4    43.7   100.4   112.5   151.1    87.3   159.6   249.3   877.2
 1982    81.0    55.8    72.6   107.1     6.5    14.2    18.5     2.3    31.2   123.1    82.6    45.9   186.1    34.9   236.9   178.7   640.7
 1983    77.5    55.3    71.2    34.9    26.7    21.1    36.3     2.9    28.8    91.7   134.5   136.6   132.8    60.3   255.0   307.2   717.6
 1984   116.0    54.7    84.7    32.4    42.7     6.6     8.9    50.8    11.5    80.3    79.0    61.6   159.8    66.3   170.8   312.7   629.2
 1985   102.5   148.6    47.2    26.3     0.8     7.1     0.5     0.2     5.1   150.0   104.0   165.0    74.2     7.9   259.0   359.5   757.2
 1986   104.3    90.2    72.0    44.0     0.0    41.6     0.4    53.1    31.5   154.7   126.0    65.6   116.0    95.2   312.2   207.3   783.5
 1987    52.2    89.5    96.2    62.4     3.7     5.1     9.5    71.7   201.9    53.6   113.7   109.0   162.3    86.4   369.2   402.8   868.4
 1988    99.2   194.6   176.6    73.5    28.3    22.5    16.3    10.7    60.3   107.7    87.5   145.6   278.4    49.5   255.6   434.1  1022.9
 1989   109.2   179.3    74.9    60.4    45.6    33.2     5.3     6.4     7.3    63.7   155.0    77.4   180.8    44.9   226.0   255.2   817.5
 1990    94.9    82.9   133.2    95.6     7.5    22.9    12.5    29.6     4.8    32.7    20.1   124.3   236.4    65.0    57.5   482.0   661.0
 1991   221.3   136.4   114.8     3.1     2.0    10.6     1.0     4.1    64.4   157.8    65.3   117.9   119.9    15.7   287.5   231.2   898.7
 1992    53.9    59.4    65.2    18.5     0.7     0.6     0.5    47.8    15.6    77.0   117.2    67.5    84.5    48.9   209.8   254.0   523.9
 1993    83.3   103.1    80.6    49.0    15.2     4.2     0.6    21.6    16.7   186.2    82.6   121.5   144.8    26.5   285.5   383.5   764.7
 1994   151.7   110.3   117.2    59.4     2.7     1.3    12.3     7.9     4.6    33.7    40.8    77.8   179.4    21.5    79.2   251.4   620.0
 1995   106.2    67.3   101.3    30.6    25.2     9.4     0.7     5.4    15.7    97.8   116.9   167.9   157.1    15.4   230.5   490.8   744.4
 1996   155.2   167.7    90.7    47.1    21.5     1.3    36.8    12.3    22.0   115.2   168.2   119.3   159.3    50.4   305.4   343.2   957.5
 1997   142.3    81.5   162.9    83.2    61.4    31.8    22.1    17.2    37.8    65.3   100.6    77.7   307.5    71.2   203.7   437.4   884.0
 1998   190.8   168.9   131.0    26.5    17.4     0.5     9.1     6.0    27.1    72.8   171.3   120.1   175.0    15.6   271.1   350.7   941.6
 1999   116.3   114.3    46.6    23.3    43.2     8.8     2.7     4.8    16.9    95.2    70.7   217.3   113.1    16.2   182.9   465.2   760.1
 2000   155.0    92.9   125.9    63.2    44.8     6.9     3.3     3.9    67.9    69.0   117.6   141.2   233.8    14.1   254.5   317.7   891.5
 2001    70.3   106.3    85.1    78.0    30.6    16.8     7.3    32.4    83.6   102.3   174.7   148.0   193.7    56.4   360.6   402.6   935.4
 2002   148.2   106.3    51.4    67.7    29.2    12.5    15.7    77.5    26.1    42.0    54.8   126.7   148.4   105.7   122.9   287.5   758.2
 2003    93.8    67.0   129.1    44.6    17.6    14.5     2.3    16.5    52.0    45.5    64.9    85.2   191.4    33.2   162.3   354.4   632.8
 2004   157.9   111.3   114.5    37.9    14.0     5.5    17.3    13.7    52.0    40.9    53.3   116.5   166.3    36.4   146.2   342.3   734.6
 2005   127.6    98.2    79.2    59.6    16.8    13.2     2.2     8.3    17.9    59.4    94.1    67.3   155.6    23.8   171.4   386.9   643.8
 2006   162.5   157.2   101.2    59.4    26.4     4.9     2.5    62.4    21.9    77.3   130.6   181.2   187.0    69.8   229.8   316.8   987.4
 2007    84.5    51.1   109.1    76.2     5.3    26.3     4.8     8.1    65.3    92.4   146.8    88.3   190.6    39.2   304.5   281.5   758.1
 2008   124.6    68.6   114.5    51.5    41.6    31.0     2.5     7.8    29.3    52.7   127.5   114.7   207.6    41.4   209.4   395.6   766.4
 2009   159.9   121.0    45.8    28.5    22.2    20.6    10.1    15.3    30.0   118.0   130.3   133.4    96.5    46.1   278.4   491.4   835.2
 2010   227.0   131.0    65.3    55.1    33.2     9.2     3.0    18.1    12.4    59.6   123.9   182.9   153.6    30.3   196.0   553.0   920.8
 2011   260.6   109.5   102.4    76.8    76.7    20.7    12.3    11.1    29.5    36.5    64.8   105.9   255.9    44.2   130.7   320.1   906.7
 2012   117.0    97.2    56.0    26.1     6.3    36.0    11.2     6.6    32.4    84.6    53.5   194.7    88.4    53.8   170.5   352.3   721.7
 2013    89.9    67.6    78.0    33.4     6.9     3.5     4.7     6.3    10.8    58.1    69.7   179.7   118.3    14.5   138.5   379.3   608.6
 2014    69.0   130.6    77.1    38.4    18.9     3.6     2.7    11.3    12.4    33.9   200.4   108.5   134.5    17.5   246.6   246.1   706.7
 2015    70.3    67.3    98.5    23.6    11.6    37.6    16.7     7.9    35.1    39.1    53.7    42.0   133.6    62.3   127.8   213.9   503.3
 2016   120.0    52.0    66.5    44.1    54.9    18.2    28.2    14.6    13.2    68.5    97.9    66.1   165.6    61.0   179.7   372.2   644.3
 2017   171.4   134.7    68.8    25.7    11.4     3.6     2.8     7.1    14.6    77.2    49.0   115.4   106.0    13.6   140.8   291.9   681.8
 2018    82.3    94.2   138.9    66.6    19.4     3.5     5.5    26.2    21.2    49.1    40.0    45.7   224.9    35.2   110.3   279.3   592.6
 2019   102.7   130.9    84.8   126.1    20.2    12.4     2.8     6.4    11.3    21.8    46.7   130.7   231.1    21.5    79.8  -999.0   696.6