 YEAR     JAN     FEB     MAR     APR     MAY     JUN     JUL     AUG     SEP     OCT     NOV     DEC     MAM     JJA     SON     DJF     ANN
 1901    17.0    16.2    13.2    11.6     6.9     4.9     4.4     7.2     9.5    11.3    13.3    15.1    10.6     5.5    11.4    15.4    10.9
 1902    15.1    15.9    14.0    10.2     8.2     4.0     5.3     6.4     9.5    11.9    12.6    15.4    10.8     5.2    11.4    15.9    10.7
 1903    16.6    15.6    13.7     9.9     7.4     3.9     4.6     7.0    10.1    11.7    12.9    15.3    10.3     5.2    11.6    15.4    10.7
 1904    15.9    15.1    13.6    10.9     7.6     5.0     5.3     6.8    10.0    11.9    13.8    13.9    10.7     5.7    11.9    15.0    10.8
 1905    16.3    15.0    13.2    11.3     7.1     3.8     5.6     5.7    10.3    12.6    13.3    15.4    10.5     5.1    12.1    15.8    10.8
 1906    17.0    15.1    13.5     9.7     7.4     5.3     4.6     5.7    10.1    11.0    13.1    14.3    10.2     5.2    11.4    15.0    10.6
 1907    15.5    15.3    14.3     9.7     6.3     4.3     4.8     7.1    10.4    10.9    12.4    14.0    10.1     5.4    11.2    15.0    10.4
 1908    15.4    15.7    13.6     8.7     7.3     4.4     5.0     6.6    10.7    11.5    13.1    15.4     9.9     5.4    11.8    15.2    10.6
 1909    16.1    14.3    12.8    10.8     7.1     5.4     5.2     7.0    10.2    11.6    13.3    14.4    10.2     5.8    11.7    15.0    10.7
 1910    15.9    14.6    13.8    10.3     7.3     4.0     4.9     6.3     9.9    11.3    12.0    14.5    10.5     5.0    11.1    15.5    10.4
 1911    16.0    16.1    13.6    10.0     6.6     3.6     4.3     6.0    10.1    13.0    13.6    16.1    10.1     4.6    12.2    16.2    10.8
 1912    16.5    15.9    13.6    10.8     7.8     4.7     4.9     6.8     9.8    12.5    14.3    15.4    10.8     5.5    12.2    16.1    11.1
 1913    16.8    16.1    13.6    10.9     7.8     5.3     5.2     7.7    10.3    12.0    14.0    15.5    10.8     6.1    12.1    16.2    11.3
 1914    17.2    15.7    14.4    11.1     8.4     4.4     5.2     6.6    11.7    13.0    13.2    15.4    11.3     5.4    12.6    16.4    11.4
 1915    17.6    16.2    14.6    10.6     7.1     4.7     4.2     7.1    10.4    12.0    13.6    15.0    10.8     5.3    12.0    15.6    11.1
 1916    15.8    16.0    13.8    11.0     6.2     4.5     5.7     6.4    10.8    12.8    14.0    15.5    10.3     5.5    12.5    15.7    11.0
 1917    16.2    15.4    14.0    10.3     6.8     4.4     4.3     5.4     9.7    11.9    12.9    14.8    10.4     4.7    11.5    15.1    10.5
 1918    15.0    15.6    13.8    10.6     6.6     4.5     4.8     6.3    11.2    13.2    13.6    15.3    10.3     5.2    12.7    15.9    10.9
 1919    16.6    15.9    14.4    11.9     7.1     5.4     5.4     6.9     9.8    12.9    12.9    15.4    11.2     5.9    11.8    15.9    11.2
 1920    17.2    15.3    13.4    10.9     7.7     4.2     5.8     7.5    10.3    12.1    14.8    15.1    10.7     5.8    12.4    15.6    11.2
 1921    15.9    15.9    14.5    10.3     6.7     4.9     3.7     6.2    10.1    12.2    13.2    14.7    10.5     5.0    11.8    15.6    10.7
 1922    16.6    15.5    14.6    11.4     6.8     4.5     5.7     7.2    11.4    12.8    13.6    15.6    10.9     5.8    12.6    15.8    11.3
 1923    16.2    15.5    14.8    10.3     7.1     4.7     5.3     7.4    11.2    14.1    15.0    15.2    10.8     5.8    13.4    15.5    11.4
 1924    16.5    14.8    13.5    10.5     7.2     4.5     4.4     6.2    10.0    12.0    13.2    14.9    10.4     5.0    11.8    15.8    10.6
 1925    16.0    16.4    13.9    10.8     7.0     4.2     5.0     7.7    10.3    12.1    14.1    15.9    10.6     5.6    12.2    16.9    11.1
 1926    17.8    17.0    14.2    11.0     7.6     5.0     4.1     6.9    10.0    12.6    13.2    15.3    11.0     5.3    11.9    16.2    11.2
 1927    17.1    16.1    14.1    11.4     7.3     4.9     5.7     7.2    11.8    12.9    14.6    15.4    10.9     6.0    13.1    15.7    11.6
 1928    16.3    15.3    14.4    10.9     7.6     5.2     5.4     6.6    10.0    12.4    14.1    15.5    11.0     5.7    12.2    15.9    11.1
 1929    16.4    15.7    13.3    10.7     8.3     5.3     5.0     6.9    10.9    13.1    14.2    15.4    10.8     5.7    12.7    15.5    11.3
 1930    16.0    15.0    14.2    10.5     7.6     4.6     5.5     6.5     9.5    12.8    14.2    16.3    10.8     5.5    12.2    16.5    11.1
 1931    16.6    16.7    14.8    10.4     8.9     5.1     4.7     7.6    10.9    12.7    14.4    15.9    11.4     5.8    12.7    16.0    11.6
 1932    16.1    16.0    14.9    12.8     8.4     5.5     5.3     7.8    11.7    13.3    14.8    15.6    12.0     6.2    13.3    16.2    11.9
 1933    16.7    16.4    15.1    11.6     8.7     5.0     5.9     7.2    11.1    13.6    13.9    15.3    11.8     6.0    12.9    15.7    11.7
 1934    16.2    15.5    14.5    12.3     9.5     6.5     5.3     8.4    11.4    13.0    14.2    15.3    12.1     6.7    12.8    15.7    11.8
 1935    16.7    15.1    13.3    10.6     7.2     4.6     5.5     5.7    10.6    13.5    13.3    14.7    10.3     5.3    12.5    15.3    10.9
 1936    15.9    15.4    14.5    11.4     7.1     5.9     6.1     8.0    10.6    11.8    13.2    15.4    11.0     6.7    11.9    16.2    11.3
 1937    16.7    16.5    14.9    11.1     8.6     5.4     5.1     7.9    10.4    13.0    15.0    15.0    11.5     6.2    12.8    15.7    11.6
 1938    16.5    15.6    15.2    11.9     8.3     5.7     6.1     7.0    11.2    13.2    13.6    15.7    11.8     6.3    12.7    16.1    11.7
 1939    16.5    16.1    14.1    10.6     8.4     5.5     5.2     7.0     9.8    13.2    13.6    15.5    11.0     5.9    12.2    16.5    11.3
 1940    17.0    16.9    14.9    10.8     8.1     5.7     5.8     8.7    11.2    12.8    14.0    16.4    11.3     6.8    12.7    16.4    11.9
 1941    16.8    15.9    15.0    12.2     9.2     5.7     6.4     8.4    10.6    14.0    14.6    16.8    12.1     6.9    13.1    17.2    12.1
 1942    17.5    17.2    14.7    11.3     7.9     5.7     6.0     8.0    10.9    12.3    14.1    14.7    11.3     6.6    12.5    15.4    11.7
 1943    16.1    15.3    14.5    11.1     7.1     4.8     5.1     5.7    10.2    12.9    14.0    14.7    10.9     5.2    12.4    16.0    11.0
 1944    17.7    15.5    14.2    11.2     6.6     4.6     6.0     9.2    10.8    14.4    15.0    15.6    10.7     6.6    13.4    16.5    11.7
 1945    16.7    17.3    13.9    11.9     7.7     4.6     5.6     7.9    12.9    12.4    15.2    15.6    11.2     6.0    13.5    16.1    11.8
 1946    16.4    16.4    14.9    11.9     8.9     5.0     6.0     7.4    12.5    13.0    15.1    16.4    11.9     6.1    13.5    17.0    12.0
 1947    17.2    17.6    14.7    11.6     8.1     5.4     4.2     8.8    10.5    13.8    15.3    15.1    11.5     6.1    13.2    15.6    11.9
 1948    16.3    15.4    14.0    10.5     8.9     5.7     6.3     8.4    10.5    13.4    13.8    16.1    11.1     6.8    12.5    16.6    11.6
 1949    18.1    15.6    14.2    11.8     7.8     6.5     5.9     7.8    12.2    13.4    13.7    15.8    11.3     6.7    13.1    16.4    11.9
 1950    16.7    16.7    16.0    11.2     7.7     6.6     5.9     7.5    11.9    12.4    13.9    15.2    11.6     6.7    12.7    15.6    11.8
 1951    15.2    16.3    14.3    11.5     7.6     4.3     4.2     6.8    10.5    13.2    15.3    16.9    11.1     5.1    13.0    16.9    11.3
 1952    17.9    15.9    15.5    11.8     8.0     6.4     5.9     7.9    10.2    14.0    14.2    15.4    11.8     6.7    12.8    16.6    11.9
 1953    18.1    16.3    14.2    10.5     8.4     4.6     4.7     7.1    10.2    13.6    14.0    15.3    11.0     5.4    12.6    15.7    11.4
 1954    15.9    15.8    13.9    10.9     8.1     4.7     4.5     7.6    11.5    13.8    13.8    15.7    11.0     5.6    13.0    15.5    11.3
 1955    15.9    14.8    13.5    10.6     8.4     5.2     5.6     6.4    10.3    11.2    12.9    14.2    10.8     5.8    11.5    15.6    10.8
 1956    16.7    15.8    14.7    11.5     7.6     5.6     6.6     8.2     9.8    13.2    13.7    14.0    11.3     6.8    12.2    15.9    11.5
 1957    17.2    16.7    15.0    11.5     8.4     4.4     6.4     7.4    11.3    12.1    15.5    16.2    11.6     6.1    12.9    16.5    11.8
 1958    16.7    16.4    15.1    12.1     9.3     4.7     6.6     7.6    10.7    13.1    15.4    15.6    12.2     6.3    13.1    15.8    12.0
 1959    15.8    16.1    15.0    12.0     7.0     6.1     6.5     7.2    11.3    13.1    14.2    14.9    11.3     6.6    12.9    15.8    11.6
 1960    16.4    16.0    14.9    10.0     7.2     5.1     5.2     9.3    11.7    14.1    14.6    15.7    10.7     6.6    13.5    16.5    11.7
 1961    16.8    16.9    15.3    11.6     8.1     6.7     6.7     6.8    12.5    12.5    14.4    15.1    11.7     6.7    13.2    16.0    12.0
 1962    17.1    15.9    14.7    10.8     7.2     5.6     6.4     8.6    12.6    14.1    14.4    16.4    10.9     6.8    13.7    16.1    12.0
 1963    15.8    16.1    13.5    10.1     7.0     5.0     4.8     7.4    13.6    14.1    14.7    16.2    10.2     5.8    14.1    16.7    11.5
 1964    17.0    16.8    16.6    10.7     8.2     4.1     4.3     7.1    11.5    12.5    14.0    15.1    11.8     5.2    12.7    16.3    11.5
 1965    16.8    16.9    15.6    11.0     8.1     3.3     5.9     8.9    12.1    11.5    13.8    16.1    11.6     6.0    12.5    16.4    11.7
 1966    18.4    14.8    15.6    10.2     8.0     6.4     5.7     8.2    10.9    13.8    15.1    16.7    11.3     6.8    13.3    16.4    12.0
 1967    16.7    15.6    14.2    10.6     8.2     5.1     3.9     7.6    11.6    13.1    14.8    16.3    11.0     5.6    13.2    16.7    11.5
 1968    17.9    16.0    13.7     9.4     7.6     3.2     6.2     7.7    10.9    12.9    13.6    16.3    10.2     5.7    12.5    17.7    11.3
 1969    18.8    17.9    14.7    11.0     7.6     5.7     6.6     8.2    10.7    12.7    14.8    16.1    11.1     6.8    12.7    16.7    12.1
 1970    17.6    16.4    15.4    12.0     8.9     5.5     5.6     7.7    12.0    12.8    14.7    15.8    12.1     6.2    13.2    16.0    12.0
 1971    16.7    15.4    15.8    11.8     7.7     5.9     6.0     7.0    11.6    12.7    13.9    15.4    11.7     6.3    12.7    15.9    11.6
 1972    17.2    15.3    14.4    11.9     7.4     4.8     6.1     7.1    11.7    14.1    14.6    17.2    11.2     6.0    13.4    17.0    11.8
 1973    18.0    15.8    16.4    10.8     7.8     6.3     5.9     6.9    10.5    13.3    14.1    15.1    11.7     6.4    12.6    16.1    11.7
 1974    17.0    16.2    14.6    10.5     7.8     5.6     5.9     6.8    11.2    13.6    14.1    15.4    11.0     6.1    13.0    15.7    11.6
 1975    16.5    15.3    13.3    10.9     8.2     6.1     5.7     7.7    12.6    12.6    13.8    14.2    10.8     6.5    13.0    15.2    11.4
 1976    15.8    15.5    14.4    10.9     7.4     5.0     5.6     6.8    12.1    12.1    13.7    15.7    10.9     5.8    12.6    16.7    11.3
 1977    17.5    17.0    13.7    12.5     7.6     6.0     5.8     7.2    12.0    13.9    14.8    17.0    11.3     6.3    13.6    16.7    12.1
 1978    16.8    16.3    15.8    10.0     8.0     4.3     6.7     8.8    10.7    12.0    15.2    15.7    11.3     6.6    12.6    16.5    11.7
 1979    16.3    17.4    15.1    13.3     8.9     6.0     5.3     8.3    10.8    13.3    14.5    16.0    12.5     6.5    12.9    16.4    12.1
 1980    16.6    16.5    15.6    11.6     8.7     5.5     5.7     8.5    10.4    13.8    14.2    16.1    12.0     6.6    12.8    16.4    11.9
 1981    17.3    15.7    13.8    11.7     8.4     4.9     6.0     6.5     9.3    11.0    15.3    15.3    11.3     5.8    11.9    16.4    11.3
 1982    17.2    16.8    14.6    10.1     8.7     5.6     6.2     8.0    12.8    13.4    14.2    16.7    11.1     6.6    13.5    17.5    12.0
 1983    18.9    16.9    15.7    13.7     8.9     6.6     6.5     7.2    12.8    13.4    14.7    16.5    12.8     6.8    13.6    17.0    12.6
 1984    17.5    17.1    15.7    11.2     8.4     5.5     6.3     8.2    12.4    13.9    14.3    16.1    11.8     6.7    13.5    17.1    12.2
 1985    18.4    16.9    14.9    11.9     8.3     6.5     5.9     9.6    12.4    14.9    15.8    15.5    11.7     7.3    14.4    16.4    12.6
 1986    17.6    16.2    15.6    12.9     9.7     6.4     6.4     8.9    11.9    13.1    13.8    16.6    12.7     7.2    12.9    17.6    12.4
 1987    17.9    18.3    15.6    13.3    10.3     5.3     5.5     7.4    10.6    12.6    15.0    17.0    13.1     6.1    12.7    17.4    12.4
 1988    18.2    16.8    15.8    11.1     8.8     5.1     6.0     8.9    11.3    12.2    13.7    14.6    11.9     6.7    12.4    15.4    11.9
 1989    16.8    14.9    15.0    11.1     9.2     5.5     5.6     9.5    10.9    12.4    13.9    16.3    11.8     6.9    12.4    16.4    11.8
 1990    17.4    15.6    14.7    12.3     8.3     5.7     6.2     7.7    11.5    13.4    15.5    16.0    11.7     6.5    13.4    16.7    12.0
 1991    17.5    16.6    14.8    12.0     9.3     5.7     6.3     7.9    12.0    13.6    14.9    15.8    12.0     6.6    13.5    17.6    12.2
 1992    18.6    18.5    16.1    13.6     8.9     5.9     6.5     7.3    13.5    14.0    14.2    17.0    12.9     6.6    13.9    17.1    12.8
 1993    18.2    16.1    15.1    11.7     9.5     6.0     7.6     8.3    13.2    13.8    14.2    16.2    12.1     7.3    13.8    16.0    12.5
 1994    16.3    15.3    14.9    11.8     8.5     4.8     4.6     7.4    12.0    12.3    14.7    16.5    11.7     5.6    13.0    17.5    11.6
 1995    18.2    17.8    15.2    11.1     8.3     5.5     5.7     8.7    12.8    13.3    14.6    14.2    11.5     6.6    13.6    15.7    12.1
 1996    17.1    15.8    14.3    10.7     8.6     6.0     4.5     6.8    11.6    14.0    13.8    15.9    11.2     5.8    13.1    16.5    11.6
 1997    16.9    16.9    14.3     9.6     7.1     5.7     6.0     9.0    12.1    13.3    14.3    16.7    10.3     6.9    13.2    16.9    11.8
 1998    16.9    17.0    15.9    13.1     8.4     6.6     7.0     8.1    12.1    13.3    14.6    15.6    12.4     7.2    13.3    17.1    12.4
 1999    18.0    17.6    16.7    13.1     8.9     6.7     7.3     8.2    10.9    13.2    16.2    15.8    12.9     7.4    13.4    15.8    12.7
 2000    15.4    16.4    15.2    10.6     7.1     6.3     5.6     9.0    10.8    13.7    13.9    15.8    11.0     6.9    12.8    16.5    11.6
 2001    17.3    16.3    15.8    11.5     8.7     6.6     5.5     8.3    11.0    14.3    14.3    15.5    12.0     6.8    13.2    16.3    12.1
 2002    17.0    16.3    15.9    13.1     8.5     5.4     5.3     8.6    11.6    13.9    14.2    16.1    12.5     6.4    13.2    17.3    12.2
 2003    18.0    17.8    15.9    13.4     8.6     5.5     6.0     6.9    11.5    14.1    15.5    16.7    12.6     6.1    13.7    17.2    12.5
 2004    17.7    17.1    15.1    12.2     9.6     6.4     5.4     9.4    10.7    14.1    17.2    17.1    12.3     7.1    14.0    17.4    12.7
 2005    17.6    17.4    14.9    11.5     9.4     6.8     7.1     9.3    13.2    14.6    15.4    15.9    11.9     7.7    14.4    16.7    12.8
 2006    17.6    16.8    13.9    11.5     6.8     6.0     7.3     7.5    11.7    14.4    15.0    16.7    10.8     6.9    13.7    17.5    12.1
 2007    17.8    18.0    15.6    12.6     8.8     6.3     6.1     8.5    13.6    13.1    14.7    15.7    12.3     6.9    13.8    16.7    12.6
 2008    17.2    17.3    15.1    11.1    10.0     6.6     6.9     9.1    11.2    14.2    15.4    17.0    12.0     7.6    13.6    17.0    12.6
 2009    17.6    16.4    15.2    12.5     9.1     7.0     6.0     8.7    12.3    13.9    13.9    16.2    12.3     7.2    13.4    17.0    12.4
 2010    17.5    17.2    16.3    12.3     9.9     5.8     7.4     8.9    13.0    14.0    15.5    16.0    12.8     7.4    14.2    16.6    12.8
 2011    16.9    16.9    16.7    11.4     8.8     5.5     5.2     7.8    12.4    13.7    14.3    15.7    12.3     6.2    13.5    17.1    12.1
 2012    18.5    17.2    16.0    10.9     9.4     6.2     6.5     8.7    11.0    13.2    15.1    16.1    12.1     7.1    13.1    17.0    12.4
 2013    17.9    17.1    16.0    11.4     9.1     6.5     7.0     7.7    11.7    13.5    15.1    15.6    12.2     7.1    13.4    17.2    12.4
 2014    18.6    17.4    15.4    11.6     9.7     6.0     6.3     8.8    13.0    14.3    14.0    16.4    12.2     7.0    13.7    17.0    12.6
 2015    18.1    16.4    16.2    11.8    10.6     6.1     6.6    10.1    12.6    15.5    14.4    18.1    12.9     7.6    14.2    18.2    13.1
 2016    18.6    17.8    16.2    12.9     9.2     7.6     6.4     9.4    12.5    14.1    16.0    17.9    12.8     7.8    14.2    17.3    13.2
 2017    17.0    17.1    16.0    12.8     9.7     7.2     7.5     8.6    13.5    13.2    14.6    16.1    12.9     7.8    13.8    17.1    12.8
 2018    18.0    17.1    15.8    13.1     9.7     7.3     7.3     8.1    11.6    14.6    15.2    18.0    12.9     7.6    13.8    18.0    13.0
 2019    18.4    17.6    17.2    13.3    10.8     7.4     8.0     9.7    13.3    15.0    16.5    16.2    13.8     8.4    14.9  -999.0    13.6